"p3a1" \Theta(NlogN)
Size       | Time
1024       | 0.0000e+00
2048       | 0.0000e+00
4096       | 0.0000e+00
8192       | 0.0000e+00
16384      | 0.0000e+00
32768      | 0.0000e+00
65536      | 0.0000e+00
131072     | 1.5000e-02
262144     | 1.5000e-02
524288     | 4.6000e-02
1048576    | 9.3000e-02
2097152    | 2.0300e-01
4194304    | 4.1000e-01
8388608    | 8.7700e-01
16777216   | 1.8260e+00
33554432   | 3.7740e+00
67108864   | 7.9410e+00
134217728  | 1.6619e+01
268435456  | 3.4755e+01

"p3a2"
Size       | Time
1024       | 0.0000e+00
2048       | 0.0000e+00
4096       | 0.0000e+00
8192       | 0.0000e+00
16384      | 0.0000e+00
32768      | 1.6000e-02
65536      | 0.0000e+00
131072     | 0.0000e+00
262144     | 1.6000e-02
524288     | 5.8000e-02
1048576    | 9.4000e-02
2097152    | 1.8800e-01
4194304    | 4.2200e-01
8388608    | 8.6600e-01
16777216   | 1.8080e+00
33554432   | 3.7800e+00
67108864   | 7.8740e+00
134217728  | 1.6520e+01
268435456  | 3.5603e+01

"p3a3"
Size       | Time
1024       | 0.0000e+00
2048       | 1.0000e-03
4096       | 0.0000e+00
8192       | 0.0000e+00
16384      | 0.0000e+00
32768      | 1.7000e-02
65536      | 0.0000e+00
131072     | 1.6000e-02
262144     | 1.6000e-02
524288     | 3.1000e-02
1048576    | 7.9000e-02
2097152    | 1.6700e-01
4194304    | 3.4500e-01
8388608    | 6.3600e-01
16777216   | 1.3380e+00
33554432   | 2.8410e+00
67108864   | 5.9500e+00
134217728  | 1.3444e+01
268435456  | 2.5705e+01

"p4a1"
Size       | Time
1024       | 9.0000e-03
2048       | 4.0000e-03
4096       | 3.0000e-03
8192       | 1.2000e-02
16384      | 4.0000e-02
32768      | 1.2700e-01
65536      | 5.3200e-01
131072     | 2.3490e+00
262144     | 9.6980e+00
524288     | 3.8086e+01
1048576    | 1.5152e+02

"p4a2"

"p4a3"

"p5a1"
Size       | Time
1024       | 7.0000e-03
2048       | 5.0000e-03
4096       | 7.0000e-03
8192       | 3.5000e-02
16384      | 1.3400e-01
32768      | 5.5600e-01
65536      | 2.1530e+00
131072     | 8.5360e+00
262144     | 3.4099e+01
524288     | 1.3952e+02

"p5a2"
Size       | Time
1024       | 4.0000e-03
2048       | 5.0000e-03
4096       | 6.0000e-03
8192       | 3.5000e-02
16384      | 1.2700e-01
32768      | 5.3400e-01
65536      | 2.1420e+00
131072     | 8.6170e+00
262144     | 3.4255e+01
524288     | 1.3740e+02

"p5a3"
Size       | Time
1024       | 0.0000e+00
2048       | 0.0000e+00
4096       | 0.0000e+00
8192       | 0.0000e+00
16384      | 0.0000e+00
32768      | 1.0000e-03
65536      | 0.0000e+00
131072     | 0.0000e+00
262144     | 1.0000e-03
524288     | 2.0000e-03
1048576    | 5.0000e-03
2097152    | 0.0000e+00
4194304    | 6.0000e-03
8388608    | 1.3000e-02
16777216   | 1.9000e-02
33554432   | 3.3000e-02
67108864   | 5.0000e-02
134217728  | 1.4200e-01
268435456  | 2.5000e-01
536870912  | 5.1600e-01

"p7a3"
Size       | Time
0          | 1.3000e-01
100        | 7.3000e-02
200        | 7.2000e-02
300        | 6.3000e-02
400        | 7.1000e-02
500        | 5.9000e-02
600        | 7.2000e-02
700        | 5.6000e-02
800        | 7.3000e-02
900        | 5.5000e-02
1000       | 7.7000e-02
1100       | 6.3000e-02
1200       | 7.0000e-02
1300       | 6.3000e-02
1400       | 7.3000e-02
1500       | 5.8000e-02
1600       | 7.1000e-02
1700       | 6.3000e-02
1800       | 7.4000e-02
1900       | 6.2000e-02
2000       | 6.3000e-02
2100       | 5.7000e-02
2200       | 7.6000e-02
2300       | 6.0000e-02
2400       | 6.3000e-02
2500       | 7.2000e-02
2600       | 6.3000e-02
2700       | 7.3000e-02
2800       | 7.7000e-02
2900       | 7.5000e-02
3000       | 6.2000e-02
3100       | 8.3000e-02
3200       | 6.9000e-02
3300       | 7.1000e-02
3400       | 7.1000e-02
3500       | 7.2000e-02
3600       | 6.2000e-02
3700       | 7.2000e-02
3800       | 6.3000e-02
3900       | 6.0000e-02
4000       | 5.3000e-02
4100       | 7.6000e-02
4200       | 7.3000e-02
4300       | 7.6000e-02
4400       | 7.7000e-02
4500       | 7.9000e-02
4600       | 7.2000e-02
4700       | 8.0000e-02
4800       | 7.1000e-02
4900       | 5.5000e-02
5000       | 6.5000e-02